DTseconds	Temp	DO
1267946550	13.5	7.85
1267950150	13.425	7.8
1267953750	13.4	7.725
1267957350	13.35	7.7
1267960950	13.3	7.6
1267964550	13.2	7.55
1267968150	13.125	7.5
1267971750	13.025	7.45
1267975350	13	7.4
1267978950	13.125	7.4
1267982550	13.25	7.475
1267986150	13.475	7.5
1267989750	13.775	7.6
1267993350	14.025	7.675
1267996950	14.275	7.775
1268000550	14.475	7.9
1268004150	14.5	7.95
1268007750	14.5	8
1268011350	14.5	8
1268014950	14.425	8
1268018550	14.35	8
1268022150	14.275	8
1268025750	14.2	8
1268029350	14.125	8
1268031600	14.1	8
