DTseconds	Temp	DO
1267600950	14.1	7.2
1267604550	14.025	7.2
1267608150	14	7.15
1267611750	13.9	7.1
1267615350	13.875	7.025
1267618950	13.8	7
1267622550	13.725	6.975
1267626150	13.7	6.925
1267629750	13.6	6.9
1267633350	13.6	6.925
1267637400	12.7	8.85
1267640550	13.6	7.025
1267644150	13.6	7.1
1267647750	13.6	7.15
1267651350	13.625	7.2
1267654950	13.725	7.3
1267658550	13.8	7.375
1267662150	13.75	7.4
1267665750	13.65	7.45
1267669350	13.55	7.5
1267672950	13.45	7.5
1267676550	13.375	7.5
1267680150	13.275	7.5
1267683750	13.175	7.5
1267686000	13.1	7.5
