DTseconds	Temp	DO
1268119350	13.625	8.1
1268122950	13.55	8.075
1268126550	13.475	8
1268130150	13.4	8
1268133750	13.3	7.95
1268137350	13.2	7.9
1268140950	13.15	7.9
1268144550	13.1	7.8
1268148150	13.1	7.875
1268151750	13.225	7.925
1268155350	13.35	8.025
1268158950	13.575	8.175
1268162550	13.8	8.35
1268166150	14.025	8.55
1268169750	14.25	8.7
1268173350	14.3	8.875
1268176950	14.3	9.025
1268180550	14.275	9.1
1268184150	14.2	9.1
1268187750	14.075	9.1
1268191350	13.95	9.075
1268194950	13.8	9
1268198550	13.675	9
1268202150	13.525	8.975
1268204400	13.4	8.9
