DTseconds	Temp	DO
1267773750	13.025	8
1267777350	12.875	7.95
1267780950	12.75	7.9
1267784550	12.625	7.9
1267788150	12.525	7.9
1267791750	12.45	7.9
1267795350	12.325	7.9
1267798950	12.25	7.9
1267802550	12.25	7.9
1267806150	12.35	7.975
1267809750	12.5	8.025
1267813350	12.75	8.125
1267816950	13	8.225
1267820550	13.2	8.325
1267824150	13.375	8.4
1267827750	13.525	8.5
1267831350	13.6	8.5
1267834950	13.6	8.5
1267838550	13.6	8.4
1267842150	13.525	8.35
1267845750	13.475	8.3
1267849350	13.375	8.225
1267852950	13.275	8.2
1267856550	13.2	8.125
1267858800	13.1	8.1
