DTseconds	Temp	DO
1267687350	13.1	7.5
1267690950	13	7.5
1267694550	12.9	7.45
1267698150	12.85	7.4
1267701750	12.8	7.4
1267705350	12.775	7.4
1267708950	12.7	7.4
1267712550	12.625	7.4
1267716150	12.6	7.4
1267719750	12.65	7.475
1267723350	12.8	7.5
1267726950	13	7.575
1267730550	13.225	7.675
1267734150	13.425	7.775
1267737750	13.7	7.85
1267741350	13.8	7.95
1267744950	13.8	8
1267748550	13.8	8.075
1267752150	13.725	8.1
1267755750	13.65	8.1
1267759350	13.55	8.1
1267762950	13.425	8.1
1267766550	13.275	8.025
1267770150	13.15	8
1267772400	13.1	8
