DTseconds	Temp	DO
1268205750	13.375	8.9
1268209350	13.25	8.875
1268212950	13.15	8.8
1268216550	13.05	8.8
1268220150	12.925	8.7
1268223750	12.8	8.7
1268227350	12.7	8.625
1268230950	12.6	8.6
1268234550	12.6	8.675
1268238150	12.725	8.775
1268241750	12.85	8.95
1268245350	13.075	9.125
1268248950	13.3	9.35
1268252550	13.575	9.575
1268256150	13.775	9.8
1268259750	13.9	9.975
1268263350	13.9	10.125
1268266950	13.875	10.2
1268270550	13.775	10.15
1268274150	13.65	10.05
1268277750	13.5	9.95
1268281350	13.35	9.85
1268284950	13.225	9.725
1268288550	13.05	9.625
1268290800	13	9.6
