DTseconds	Temp	DO
1268378550	13.425	9.825
1268382150	13.275	9.725
1268385750	13.175	9.6
1268389350	13.05	9.475
1268392950	12.925	9.375
1268396550	12.825	9.3
1268400150	12.725	9.2
1268403750	12.7	9.2
1268407350	12.7	9.2
1268410950	12.825	9.325
1268414550	12.925	9.425
1268418150	13.15	9.625
1268421750	13.35	9.825
1268425350	13.425	9.9
1268428950	13.5	10
1268432550	13.5	10
1268436150	13.5	10.025
1268439750	13.5	10
1268443350	13.5	9.95
1268446950	13.5	9.85
1268450550	13.4	9.775
1268454150	13.4	9.65
1268457750	13.325	9.55
1268461350	13.225	9.425
1268463600	13.1	9.4
