DTseconds	Temp	DO
1267860150	13.1	8.1
1267863750	13	8.075
1267867350	12.9	8
1267870950	12.825	8
1267874550	12.8	7.975
1267878150	12.7	7.9
1267881750	12.675	7.85
1267885350	12.6	7.8
1267888950	12.6	7.775
1267892550	12.6	7.7
1267896150	12.65	7.7
1267899750	12.775	7.7
1267903350	12.95	7.775
1267906950	13.075	7.8
1267910550	13.225	7.85
1267914150	13.325	7.9
1267917750	13.4	7.975
1267921350	13.5	8
1267924950	13.5	8
1267928550	13.5	8
1267932150	13.5	8
1267935750	13.5	8
1267939350	13.5	7.9
1267942950	13.5	7.9
1267945200	13.5	7.9
