DTseconds	Temp	DO
1267514550	14.5	7.45
1267518150	14.5	7.375
1267521750	14.5	7.3
1267525350	14.425	7.2
1267528950	14.4	7.175
1267532550	14.35	7.1
1267536150	14.3	7
1267539750	14.2	6.95
1267543350	14.2	6.9
1267546950	14.275	6.875
1267550550	14.3	6.9
1267554150	14.3	6.9
1267557750	14.3	6.9
1267561350	14.375	6.95
1267564950	14.5	7
1267568550	14.525	7.05
1267572150	14.55	7.1
1267575750	14.5	7.2
1267579350	14.45	7.2
1267582950	14.375	7.2
1267586550	14.3	7.2
1267590150	14.225	7.225
1267593750	14.2	7.2
1267597350	14.125	7.2
1267599600	14.1	7.2
