DTseconds	Temp	DO
1268032950	14.05	8
1268036550	13.975	7.925
1268040150	13.9	7.9
1268043750	13.875	7.875
1268047350	13.8	7.8
1268050950	13.8	7.8
1268054550	13.75	7.725
1268058150	13.7	7.7
1268061750	13.7	7.7
1268065350	13.8	7.7
1268068950	13.875	7.7
1268072550	13.975	7.775
1268076150	14.15	7.825
1268079750	14.275	7.95
1268083350	14.375	8.025
1268086950	14.4	8.1
1268090550	14.425	8.2
1268094150	14.4	8.275
1268097750	14.35	8.3
1268101350	14.25	8.3
1268104950	14.15	8.225
1268108550	14.025	8.2
1268112150	13.85	8.2
1268115750	13.75	8.175
1268118000	13.7	8.1
