DTseconds	Temp	DO
1268292150	12.9	9.525
1268295750	12.75	9.425
1268299350	12.625	9.35
1268302950	12.45	9.275
1268306550	12.325	9.2
1268310150	12.175	9.15
1268313750	12.05	9.1
1268317350	12	9.1
1268320950	12	9.125
1268324550	12.15	9.25
1268328150	12.375	9.4
1268331750	12.725	9.625
1268335350	13.05	9.85
1268338950	13.45	10.1
1268342550	13.8	10.3
1268346150	14.05	10.45
1268349750	14.2	10.6
1268353350	14.2	10.6
1268356950	14.15	10.575
1268360550	14.075	10.425
1268364150	13.95	10.275
1268367750	13.825	10.175
1268371350	13.725	10.05
1268374950	13.575	9.925
1268377200	13.5	9.9
