DTseconds	Temp	DO	TempK	Cs	Cs_C	dCdt
1267687350	13.1	7.5	286.25	10.5131715880847	3.01317158808467	0
1267690950	13	7.5	286.15	10.5366741945245	3.0366741945245	0
1267694550	12.9	7.45	286.05	10.5602709946297	3.11027099462967	-0.0499999999999998
1267698150	12.85	7.4	286	10.5721048772011	3.17210487720115	-0.0499999999999998
1267701750	12.8	7.4	285.95	10.5839625004241	3.18396250042406	0
1267705350	12.775	7.4	285.925	10.5899002349148	3.18990023491481	0
1267708950	12.7	7.4	285.85	10.6077492268136	3.20774922681359	0
1267712550	12.625	7.4	285.775	10.6256520714967	3.22565207149665	0
1267716150	12.6	7.4	285.75	10.6316316915886	3.23163169158863	0
1267719750	12.65	7.475	285.8	10.619678459427	3.14467845942704	0.0749999999999993
1267723350	12.8	7.5	285.95	10.5839625004241	3.08396250042406	0.0250000000000004
1267726950	13	7.575	286.15	10.5366741945245	2.9616741945245	0.0750000000000002
1267730550	13.225	7.675	286.375	10.4839250144614	2.80892501446139	0.0999999999999996
1267734150	13.425	7.775	286.575	10.4374325076651	2.66243250766509	0.100000000000001
1267737750	13.7	7.85	286.85	10.3741057009341	2.52410570093411	0.0749999999999993
1267741350	13.8	7.95	286.95	10.3512483513832	2.40124835138317	0.100000000000001
1267744950	13.8	8	286.95	10.3512483513832	2.35124835138318	0.0499999999999998
1267748550	13.8	8.075	286.95	10.3512483513832	2.27624835138318	0.0749999999999993
1267752150	13.725	8.1	286.875	10.3683828806638	2.26838288066384	0.0250000000000004
1267755750	13.65	8.1	286.8	10.3855683532154	2.28556835321537	0
1267759350	13.55	8.1	286.7	10.4085619200947	2.30856192009465	0
1267762950	13.425	8.1	286.575	10.4374325076651	2.33743250766509	0
1267766550	13.275	8.025	286.425	10.4722671504423	2.44726715044227	-0.0749999999999993
1267770150	13.15	8	286.3	10.5014554482627	2.50145544826273	-0.0250000000000004
1267772400	13.1	8	286.25	10.5131715880847	2.51317158808467	0
1267773750	13.025	8	286.175	10.5307897321964	2.53078973219641	0
1267777350	12.875	7.95	286.025	10.5661849723545	2.6161849723545	-0.0499999999999998
1267780950	12.75	7.9	285.9	10.5958439287509	2.69584392875094	-0.0499999999999998
1267784550	12.625	7.9	285.775	10.6256520714967	2.72565207149665	0
1267788150	12.525	7.9	285.675	10.6496066816092	2.74960668160923	0
1267791750	12.45	7.9	285.6	10.6676360380567	2.76763603805671	0
1267795350	12.325	7.9	285.475	10.6978063822592	2.7978063822592	0
1267798950	12.25	7.9	285.4	10.7159818021451	2.81598180214512	0
1267802550	12.25	7.9	285.4	10.7159818021451	2.81598180214512	0
1267806150	12.35	7.975	285.5	10.6917601332644	2.71676013326437	0.0749999999999993
1267809750	12.5	8.025	285.65	10.6556104154503	2.6306104154503	0.0500000000000007
1267813350	12.75	8.125	285.9	10.5958439287509	2.47084392875094	0.0999999999999996
1267816950	13	8.225	286.15	10.5366741945245	2.3116741945245	0.0999999999999996
1267820550	13.2	8.325	286.35	10.4897626661413	2.16476266614128	0.0999999999999996
1267824150	13.375	8.4	286.525	10.4490209597176	2.04902095971759	0.0750000000000011
1267827750	13.525	8.5	286.675	10.4143245781168	1.91432457811683	0.0999999999999996
1267831350	13.6	8.5	286.75	10.3970537390588	1.89705373905877	0
1267834950	13.6	8.5	286.75	10.3970537390588	1.89705373905877	0
1267838550	13.6	8.4	286.75	10.3970537390588	1.99705373905877	-0.0999999999999996
1267842150	13.525	8.35	286.675	10.4143245781168	2.06432457811683	-0.0500000000000007
1267845750	13.475	8.3	286.625	10.425867067877	2.12586706787696	-0.0499999999999989
1267849350	13.375	8.225	286.525	10.4490209597176	2.2240209597176	-0.0750000000000011
1267852950	13.275	8.2	286.425	10.4722671504423	2.27226715044227	-0.0250000000000004
1267856550	13.2	8.125	286.35	10.4897626661413	2.36476266614128	-0.0749999999999993
1267858800	13.1	8.1	286.25	10.5131715880847	2.41317158808467	-0.0250000000000004
