DTseconds	Temp	DO	TempK	Cs	Cs_C	dCdt
1267860150	13.1	8.1	286.25	10.5131715880847	2.41317158808467	0
1267863750	13	8.075	286.15	10.5366741945245	2.46167419452451	-0.0250000000000004
1267867350	12.9	8	286.05	10.5602709946297	2.56027099462967	-0.0749999999999993
1267870950	12.825	8	285.975	10.5780307172079	2.57803071720790	0
1267874550	12.8	7.975	285.95	10.5839625004241	2.60896250042406	-0.0250000000000004
1267878150	12.7	7.9	285.85	10.6077492268136	2.70774922681359	-0.0749999999999993
1267881750	12.675	7.85	285.825	10.613710847245	2.76371084724499	-0.0500000000000007
1267885350	12.6	7.8	285.75	10.6316316915886	2.83163169158863	-0.0499999999999998
1267888950	12.6	7.775	285.75	10.6316316915886	2.85663169158863	-0.0249999999999995
1267892550	12.6	7.7	285.75	10.6316316915886	2.93163169158863	-0.0750000000000002
1267896150	12.65	7.7	285.8	10.6196784594270	2.91967845942704	0
1267899750	12.775	7.7	285.925	10.5899002349148	2.88990023491481	0
1267903350	12.95	7.775	286.1	10.5484607884328	2.77346078843283	0.0750000000000002
1267906950	13.075	7.8	286.225	10.5190384369333	2.71903843693334	0.0249999999999995
1267910550	13.225	7.85	286.375	10.4839250144614	2.63392501446139	0.0499999999999998
1267914150	13.325	7.9	286.475	10.4606324864474	2.56063248644735	0.0500000000000007
1267917750	13.4	7.975	286.55	10.4432238532611	2.46822385326113	0.0749999999999993
1267921350	13.5	8	286.65	10.4200929581258	2.42009295812579	0.0250000000000004
1267924950	13.5	8	286.65	10.4200929581258	2.42009295812579	0
1267928550	13.5	8	286.65	10.4200929581258	2.42009295812579	0
1267932150	13.5	8	286.65	10.4200929581258	2.42009295812579	0
1267935750	13.5	8	286.65	10.4200929581258	2.42009295812579	0
1267939350	13.5	7.9	286.65	10.4200929581258	2.52009295812579	-0.0999999999999996
1267942950	13.5	7.9	286.65	10.4200929581258	2.52009295812579	0
1267945200	13.5	7.9	286.65	10.4200929581258	2.52009295812579	0
1267946550	13.5	7.85	286.65	10.4200929581258	2.57009295812579	-0.0500000000000007
1267950150	13.425	7.8	286.575	10.4374325076651	2.63743250766509	-0.0499999999999998
1267953750	13.4	7.725	286.55	10.4432238532611	2.71822385326113	-0.0750000000000002
1267957350	13.35	7.7	286.5	10.4548238348406	2.75482383484060	-0.0249999999999995
1267960950	13.3	7.6	286.45	10.4664469223692	2.86644692236925	-0.100000000000001
1267964550	13.2	7.55	286.35	10.4897626661413	2.93976266614128	-0.0499999999999998
1267968150	13.125	7.5	286.275	10.5073105945044	3.00731059450437	-0.0499999999999998
1267971750	13.025	7.45	286.175	10.5307897321964	3.08078973219641	-0.0499999999999998
1267975350	13	7.4	286.15	10.5366741945245	3.13667419452450	-0.0499999999999998
1267978950	13.125	7.4	286.275	10.5073105945044	3.10731059450437	0
1267982550	13.25	7.475	286.4	10.4780931785196	3.00309317851963	0.0749999999999993
1267986150	13.475	7.5	286.625	10.4258670678770	2.92586706787696	0.0250000000000004
1267989750	13.775	7.6	286.925	10.3569542135392	2.75695421353923	0.0999999999999996
1267993350	14.025	7.675	287.175	10.3001483633082	2.62514836330817	0.0750000000000002
1267996950	14.275	7.775	287.425	10.2438994407108	2.46889944071083	0.100000000000001
1268000550	14.475	7.9	287.625	10.1992962594306	2.29929625943056	0.125
1268004150	14.5	7.95	287.65	10.1937453978475	2.24374539784752	0.0499999999999998
1268007750	14.5	8	287.65	10.1937453978475	2.19374539784752	0.0499999999999998
1268011350	14.5	8	287.65	10.1937453978475	2.19374539784752	0
1268014950	14.425	8	287.575	10.2104142957614	2.21041429576142	0
1268018550	14.35	8	287.5	10.2271322436035	2.22713224360353	0
1268022150	14.275	8	287.425	10.2438994407108	2.24389944071083	0
1268025750	14.2	8	287.35	10.2607160872580	2.26071608725797	0
1268029350	14.125	8	287.275	10.2775823842592	2.27758238425918	0
1268031600	14.1	8	287.25	10.283215551558	2.28321555155799	0
