DTseconds	Temp	DO	TempK	Cs	Cs_C	dCdt
1267600950	14.1	7.2	287.25	10.283215551558	3.08321555155799	0
1267604550	14.025	7.2	287.175	10.3001483633082	3.10014836330817	0
1267608150	14	7.15	287.15	10.3058037622366	3.15580376223658	-0.0499999999999998
1267611750	13.9	7.1	287.05	10.3284812007823	3.22848120078234	-0.0500000000000007
1267615350	13.875	7.025	287.025	10.334164558956	3.30916455895602	-0.0749999999999993
1267618950	13.8	7	286.95	10.3512483513832	3.35124835138318	-0.0250000000000004
1267622550	13.725	6.975	286.875	10.3683828806638	3.39338288066384	-0.0250000000000004
1267626150	13.7	6.925	286.85	10.3741057009341	3.44910570093411	-0.0499999999999998
1267629750	13.6	6.9	286.75	10.3970537390588	3.49705373905877	-0.0249999999999995
1267633350	13.6	6.925	286.75	10.3970537390588	3.47205373905877	0.0249999999999995
1267637400	12.7	8.85	285.85	10.6077492268136	1.75774922681359	1.925
1267640550	13.6	7.025	286.75	10.3970537390588	3.37205373905877	-1.825
1267644150	13.6	7.1	286.75	10.3970537390588	3.29705373905877	0.0749999999999993
1267647750	13.6	7.15	286.75	10.3970537390588	3.24705373905877	0.0500000000000007
1267651350	13.625	7.2	286.775	10.3913082005947	3.19130820059471	0.0499999999999998
1267654950	13.725	7.3	286.875	10.3683828806638	3.06838288066384	0.0999999999999996
1267658550	13.8	7.375	286.95	10.3512483513832	2.97624835138318	0.0750000000000002
1267662150	13.75	7.4	286.9	10.3626657207526	2.96266572075261	0.0250000000000004
1267665750	13.65	7.45	286.8	10.3855683532154	2.93556835321537	0.0499999999999998
1267669350	13.55	7.5	286.7	10.4085619200947	2.90856192009465	0.0499999999999998
1267672950	13.45	7.5	286.6	10.4316469151329	2.93164691513294	0
1267676550	13.375	7.5	286.525	10.4490209597176	2.9490209597176	0
1267680150	13.275	7.5	286.425	10.4722671504423	2.97226715044227	0
1267683750	13.175	7.5	286.325	10.4956061414441	2.99560614144411	0
1267686000	13.1	7.5	286.25	10.5131715880847	3.01317158808467	0
1267687350	13.1	7.5	286.25	10.5131715880847	3.01317158808467	0
1267690950	13	7.5	286.15	10.5366741945245	3.0366741945245	0
1267694550	12.9	7.45	286.05	10.5602709946297	3.11027099462967	-0.0499999999999998
1267698150	12.85	7.4	286	10.5721048772011	3.17210487720115	-0.0499999999999998
1267701750	12.8	7.4	285.95	10.5839625004241	3.18396250042406	0
1267705350	12.775	7.4	285.925	10.5899002349148	3.18990023491481	0
1267708950	12.7	7.4	285.85	10.6077492268136	3.20774922681359	0
1267712550	12.625	7.4	285.775	10.6256520714967	3.22565207149665	0
1267716150	12.6	7.4	285.75	10.6316316915886	3.23163169158863	0
1267719750	12.65	7.475	285.8	10.619678459427	3.14467845942704	0.0749999999999993
1267723350	12.8	7.5	285.95	10.5839625004241	3.08396250042406	0.0250000000000004
1267726950	13	7.575	286.15	10.5366741945245	2.9616741945245	0.0750000000000002
1267730550	13.225	7.675	286.375	10.4839250144614	2.80892501446139	0.0999999999999996
1267734150	13.425	7.775	286.575	10.4374325076651	2.66243250766509	0.100000000000001
1267737750	13.7	7.85	286.85	10.3741057009341	2.52410570093411	0.0749999999999993
1267741350	13.8	7.95	286.95	10.3512483513832	2.40124835138317	0.100000000000001
1267744950	13.8	8	286.95	10.3512483513832	2.35124835138318	0.0499999999999998
1267748550	13.8	8.075	286.95	10.3512483513832	2.27624835138318	0.0749999999999993
1267752150	13.725	8.1	286.875	10.3683828806638	2.26838288066384	0.0250000000000004
1267755750	13.65	8.1	286.8	10.3855683532154	2.28556835321537	0
1267759350	13.55	8.1	286.7	10.4085619200947	2.30856192009465	0
1267762950	13.425	8.1	286.575	10.4374325076651	2.33743250766509	0
1267766550	13.275	8.025	286.425	10.4722671504423	2.44726715044227	-0.0749999999999993
1267770150	13.15	8	286.3	10.5014554482627	2.50145544826273	-0.0250000000000004
1267772400	13.1	8	286.25	10.5131715880847	2.51317158808467	0
