DTseconds	Temp	DO	TempK	Cs	Cs_C	dCdt
1267514550	14.5	7.45	287.65	10.1937453978475	2.74374539784752	0
1267518150	14.5	7.375	287.65	10.1937453978475	2.81874539784752	-0.0750000000000002
1267521750	14.5	7.3	287.65	10.1937453978475	2.89374539784752	-0.0750000000000002
1267525350	14.425	7.2	287.575	10.2104142957614	3.01041429576142	-0.0999999999999996
1267528950	14.4	7.175	287.55	10.2159814852238	3.04098148522377	-0.0250000000000004
1267532550	14.35	7.1	287.5	10.2271322436035	3.12713224360353	-0.0750000000000002
1267536150	14.3	7	287.45	10.2383048905275	3.23830489052748	-0.0999999999999996
1267539750	14.2	6.95	287.35	10.260716087258	3.31071608725797	-0.0499999999999998
1267543350	14.2	6.9	287.35	10.260716087258	3.36071608725797	-0.0499999999999998
1267546950	14.275	6.875	287.425	10.2438994407108	3.36889944071083	-0.0250000000000004
1267550550	14.3	6.9	287.45	10.2383048905275	3.33830489052748	0.0250000000000004
1267554150	14.3	6.9	287.45	10.2383048905275	3.33830489052748	0
1267557750	14.3	6.9	287.45	10.2383048905275	3.33830489052748	0
1267561350	14.375	6.95	287.525	10.2215541320419	3.27155413204191	0.0499999999999998
1267564950	14.5	7	287.65	10.1937453978475	3.19374539784752	0.0499999999999998
1267568550	14.525	7.05	287.675	10.1881999641915	3.13819996419149	0.0499999999999998
1267572150	14.55	7.1	287.7	10.1826599511344	3.08265995113435	0.0499999999999998
1267575750	14.5	7.2	287.65	10.1937453978475	2.99374539784752	0.100000000000001
1267579350	14.45	7.2	287.6	10.2048525562845	3.00485255628452	0
1267582950	14.375	7.2	287.525	10.2215541320419	3.02155413204191	0
1267586550	14.3	7.2	287.45	10.2383048905275	3.03830489052748	0
1267590150	14.225	7.225	287.375	10.2551050316365	3.03010503163647	0.0249999999999995
1267593750	14.2	7.2	287.35	10.260716087258	3.06071608725797	-0.0249999999999995
1267597350	14.125	7.2	287.275	10.2775823842592	3.07758238425918	0
1267599600	14.1	7.2	287.25	10.283215551558	3.08321555155799	0
1267600950	14.1	7.2	287.25	10.283215551558	3.08321555155799	0
1267604550	14.025	7.2	287.175	10.3001483633082	3.10014836330817	0
1267608150	14	7.15	287.15	10.3058037622366	3.15580376223658	-0.0499999999999998
1267611750	13.9	7.1	287.05	10.3284812007823	3.22848120078234	-0.0500000000000007
1267615350	13.875	7.025	287.025	10.334164558956	3.30916455895602	-0.0749999999999993
1267618950	13.8	7	286.95	10.3512483513832	3.35124835138318	-0.0250000000000004
1267622550	13.725	6.975	286.875	10.3683828806638	3.39338288066384	-0.0250000000000004
1267626150	13.7	6.925	286.85	10.3741057009341	3.44910570093411	-0.0499999999999998
1267629750	13.6	6.9	286.75	10.3970537390588	3.49705373905877	-0.0249999999999995
1267633350	13.6	6.925	286.75	10.3970537390588	3.47205373905877	0.0249999999999995
1267637400	12.7	8.85	285.85	10.6077492268136	1.75774922681359	1.925
1267640550	13.6	7.025	286.75	10.3970537390588	3.37205373905877	-1.825
1267644150	13.6	7.1	286.75	10.3970537390588	3.29705373905877	0.0749999999999993
1267647750	13.6	7.15	286.75	10.3970537390588	3.24705373905877	0.0500000000000007
1267651350	13.625	7.2	286.775	10.3913082005947	3.19130820059471	0.0499999999999998
1267654950	13.725	7.3	286.875	10.3683828806638	3.06838288066384	0.0999999999999996
1267658550	13.8	7.375	286.95	10.3512483513832	2.97624835138318	0.0750000000000002
1267662150	13.75	7.4	286.9	10.3626657207526	2.96266572075261	0.0250000000000004
1267665750	13.65	7.45	286.8	10.3855683532154	2.93556835321537	0.0499999999999998
1267669350	13.55	7.5	286.7	10.4085619200947	2.90856192009465	0.0499999999999998
1267672950	13.45	7.5	286.6	10.4316469151329	2.93164691513294	0
1267676550	13.375	7.5	286.525	10.4490209597176	2.9490209597176	0
1267680150	13.275	7.5	286.425	10.4722671504423	2.97226715044227	0
1267683750	13.175	7.5	286.325	10.4956061414441	2.99560614144411	0
1267686000	13.1	7.5	286.25	10.5131715880847	3.01317158808467	0
