DTseconds	Temp	DO	TempK	Cs	Cs_C	dCdt
1268032950	14.05	8	287.2	10.2944985335701	2.29449853357008	0
1268036550	13.975	7.925	287.125	10.3114647378926	2.38646473789261	-0.0750000000000002
1268040150	13.9	7.9	287.05	10.3284812007823	2.42848120078234	-0.0249999999999995
1268043750	13.875	7.875	287.025	10.3341645589560	2.45916455895602	-0.0250000000000004
1268047350	13.8	7.8	286.95	10.3512483513832	2.55124835138318	-0.0750000000000002
1268050950	13.8	7.8	286.95	10.3512483513832	2.55124835138318	0
1268054550	13.75	7.725	286.9	10.3626657207526	2.63766572075261	-0.0750000000000002
1268058150	13.7	7.7	286.85	10.3741057009341	2.67410570093411	-0.0249999999999995
1268061750	13.7	7.7	286.85	10.3741057009341	2.67410570093411	0
1268065350	13.8	7.7	286.95	10.3512483513832	2.65124835138317	0
1268068950	13.875	7.7	287.025	10.3341645589560	2.63416455895602	0
1268072550	13.975	7.775	287.125	10.3114647378926	2.53646473789261	0.0750000000000002
1268076150	14.15	7.825	287.3	10.2719547561006	2.44695475610061	0.0499999999999998
1268079750	14.275	7.95	287.425	10.2438994407108	2.29389944071083	0.125
1268083350	14.375	8.025	287.525	10.2215541320419	2.19655413204191	0.0750000000000002
1268086950	14.4	8.1	287.55	10.2159814852238	2.11598148522377	0.0749999999999993
1268090550	14.425	8.2	287.575	10.2104142957614	2.01041429576143	0.0999999999999996
1268094150	14.4	8.275	287.55	10.2159814852238	1.94098148522377	0.075000000000001
1268097750	14.35	8.3	287.5	10.2271322436035	1.92713224360353	0.0250000000000004
1268101350	14.25	8.3	287.4	10.2494994852677	1.94949948526765	0
1268104950	14.15	8.225	287.3	10.2719547561006	2.04695475610061	-0.075000000000001
1268108550	14.025	8.2	287.175	10.3001483633082	2.10014836330817	-0.0250000000000004
1268112150	13.85	8.2	287	10.3398535317098	2.1398535317098	0
1268115750	13.75	8.175	286.9	10.3626657207526	2.18766572075261	-0.0249999999999986
1268118000	13.7	8.1	286.85	10.3741057009341	2.27410570093411	-0.075000000000001
1268119350	13.625	8.1	286.775	10.3913082005947	2.29130820059471	0
1268122950	13.55	8.075	286.7	10.4085619200947	2.33356192009465	-0.0250000000000004
1268126550	13.475	8	286.625	10.4258670678770	2.42586706787696	-0.0749999999999993
1268130150	13.4	8	286.55	10.4432238532611	2.44322385326113	0
1268133750	13.3	7.95	286.45	10.4664469223692	2.51644692236925	-0.0499999999999998
1268137350	13.2	7.9	286.35	10.4897626661413	2.58976266614128	-0.0499999999999998
1268140950	13.15	7.9	286.3	10.5014554482627	2.60145544826273	0
1268144550	13.1	7.8	286.25	10.5131715880847	2.71317158808467	-0.100000000000001
1268148150	13.1	7.875	286.25	10.5131715880847	2.63817158808467	0.0750000000000002
1268151750	13.225	7.925	286.375	10.4839250144614	2.55892501446139	0.0499999999999998
1268155350	13.35	8.025	286.5	10.4548238348406	2.42982383484060	0.100000000000001
1268158950	13.575	8.175	286.725	10.4028049763186	2.22780497631862	0.150000000000000
1268162550	13.8	8.35	286.95	10.3512483513832	2.00124835138318	0.174999999999999
1268166150	14.025	8.55	287.175	10.3001483633082	1.75014836330817	0.200000000000001
1268169750	14.25	8.7	287.4	10.2494994852677	1.54949948526765	0.149999999999999
1268173350	14.3	8.875	287.45	10.2383048905275	1.36330489052748	0.175000000000001
1268176950	14.3	9.025	287.45	10.2383048905275	1.21330489052748	0.150000000000000
1268180550	14.275	9.1	287.425	10.2438994407108	1.14389944071083	0.0749999999999993
1268184150	14.2	9.1	287.35	10.2607160872580	1.16071608725797	0
1268187750	14.075	9.1	287.225	10.2888542654927	1.18885426549274	0
1268191350	13.95	9.075	287.1	10.3171312978261	1.24213129782607	-0.0250000000000004
1268194950	13.8	9	286.95	10.3512483513832	1.35124835138318	-0.0749999999999993
1268198550	13.675	9	286.825	10.3798341892244	1.37983418922440	0
1268202150	13.525	8.975	286.675	10.4143245781168	1.43932457811683	-0.0250000000000004
1268204400	13.4	8.9	286.55	10.4432238532611	1.54322385326113	-0.0749999999999993
