DTseconds	Temp	DO	TempK	Cs	Cs_C	dCdt
1267946550	13.5	7.85	286.65	10.4200929581258	2.57009295812579	0
1267950150	13.425	7.8	286.575	10.4374325076651	2.63743250766509	-0.0499999999999998
1267953750	13.4	7.725	286.55	10.4432238532611	2.71822385326113	-0.0750000000000002
1267957350	13.35	7.7	286.5	10.4548238348406	2.75482383484060	-0.0249999999999995
1267960950	13.3	7.6	286.45	10.4664469223692	2.86644692236925	-0.100000000000001
1267964550	13.2	7.55	286.35	10.4897626661413	2.93976266614128	-0.0499999999999998
1267968150	13.125	7.5	286.275	10.5073105945044	3.00731059450437	-0.0499999999999998
1267971750	13.025	7.45	286.175	10.5307897321964	3.08078973219641	-0.0499999999999998
1267975350	13	7.4	286.15	10.5366741945245	3.13667419452450	-0.0499999999999998
1267978950	13.125	7.4	286.275	10.5073105945044	3.10731059450437	0
1267982550	13.25	7.475	286.4	10.4780931785196	3.00309317851963	0.0749999999999993
1267986150	13.475	7.5	286.625	10.4258670678770	2.92586706787696	0.0250000000000004
1267989750	13.775	7.6	286.925	10.3569542135392	2.75695421353923	0.0999999999999996
1267993350	14.025	7.675	287.175	10.3001483633082	2.62514836330817	0.0750000000000002
1267996950	14.275	7.775	287.425	10.2438994407108	2.46889944071083	0.100000000000001
1268000550	14.475	7.9	287.625	10.1992962594306	2.29929625943056	0.125
1268004150	14.5	7.95	287.65	10.1937453978475	2.24374539784752	0.0499999999999998
1268007750	14.5	8	287.65	10.1937453978475	2.19374539784752	0.0499999999999998
1268011350	14.5	8	287.65	10.1937453978475	2.19374539784752	0
1268014950	14.425	8	287.575	10.2104142957614	2.21041429576142	0
1268018550	14.35	8	287.5	10.2271322436035	2.22713224360353	0
1268022150	14.275	8	287.425	10.2438994407108	2.24389944071083	0
1268025750	14.2	8	287.35	10.2607160872580	2.26071608725797	0
1268029350	14.125	8	287.275	10.2775823842592	2.27758238425918	0
1268031600	14.1	8	287.25	10.283215551558	2.28321555155799	0
1268032950	14.05	8	287.2	10.2944985335701	2.29449853357008	0
1268036550	13.975	7.925	287.125	10.3114647378926	2.38646473789261	-0.0750000000000002
1268040150	13.9	7.9	287.05	10.3284812007823	2.42848120078234	-0.0249999999999995
1268043750	13.875	7.875	287.025	10.3341645589560	2.45916455895602	-0.0250000000000004
1268047350	13.8	7.8	286.95	10.3512483513832	2.55124835138318	-0.0750000000000002
1268050950	13.8	7.8	286.95	10.3512483513832	2.55124835138318	0
1268054550	13.75	7.725	286.9	10.3626657207526	2.63766572075261	-0.0750000000000002
1268058150	13.7	7.7	286.85	10.3741057009341	2.67410570093411	-0.0249999999999995
1268061750	13.7	7.7	286.85	10.3741057009341	2.67410570093411	0
1268065350	13.8	7.7	286.95	10.3512483513832	2.65124835138317	0
1268068950	13.875	7.7	287.025	10.3341645589560	2.63416455895602	0
1268072550	13.975	7.775	287.125	10.3114647378926	2.53646473789261	0.0750000000000002
1268076150	14.15	7.825	287.3	10.2719547561006	2.44695475610061	0.0499999999999998
1268079750	14.275	7.95	287.425	10.2438994407108	2.29389944071083	0.125
1268083350	14.375	8.025	287.525	10.2215541320419	2.19655413204191	0.0750000000000002
1268086950	14.4	8.1	287.55	10.2159814852238	2.11598148522377	0.0749999999999993
1268090550	14.425	8.2	287.575	10.2104142957614	2.01041429576143	0.0999999999999996
1268094150	14.4	8.275	287.55	10.2159814852238	1.94098148522377	0.075000000000001
1268097750	14.35	8.3	287.5	10.2271322436035	1.92713224360353	0.0250000000000004
1268101350	14.25	8.3	287.4	10.2494994852677	1.94949948526765	0
1268104950	14.15	8.225	287.3	10.2719547561006	2.04695475610061	-0.075000000000001
1268108550	14.025	8.2	287.175	10.3001483633082	2.10014836330817	-0.0250000000000004
1268112150	13.85	8.2	287	10.3398535317098	2.1398535317098	0
1268115750	13.75	8.175	286.9	10.3626657207526	2.18766572075261	-0.0249999999999986
1268118000	13.7	8.1	286.85	10.3741057009341	2.27410570093411	-0.075000000000001
